 40,  12 (320 x 200)
 40,  14 (320 x 200)
 40,  21 (320 x 350)
 40,  23 (320 x 200)
 40,  24 (360 x 400)
 40,  25 (360 x 400)
 40,  27 (360 x 400)
 40,  28 (360 x 400)
 40,  29 (360 x 480)
 40,  30 (360 x 480)
 40,  33 (360 x 480)
 40,  34 (360 x 480)
 40,  39 (320 x 350)
 40,  40 (320 x 350)
 40,  41 (320 x 350)
 40,  42 (320 x 350)
 40,  43 (320 x 350)
 40,  45 (360 x 400)
 40,  46 (360 x 400)
 40,  47 (360 x 400)
 40,  48 (360 x 400)
 40,  49 (360 x 400)
 40,  50 (360 x 400)
 40,  54 (360 x 480)
 40,  55 (360 x 480)
 40,  56 (360 x 480)
 40,  57 (360 x 480)
 40,  58 (360 x 480)
 40,  59 (360 x 480)
 40,  60 (360 x 480)
 80,  12 (640 x 200)
 80,  14 (640 x 200)
 80,  21 (640 x 350)
 80,  23 (640 x 200)
 80,  24 (720 x 400)
 80,  25 (720 x 400)
 80,  27 (720 x 400)
 80,  28 (720 x 400)
 80,  29 (720 x 480)
 80,  30 (720 x 480)
 80,  33 (720 x 480)
 80,  34 (720 x 480)
 80,  39 (640 x 350)
 80,  40 (640 x 350)
 80,  41 (640 x 350)
 80,  42 (640 x 350)
 80,  43 (640 x 350)
 80,  45 (720 x 400)
 80,  46 (720 x 400)
 80,  47 (720 x 400)
 80,  48 (720 x 400)
 80,  49 (720 x 400)
 80,  50 (720 x 400)
 80,  54 (720 x 480)
 80,  55 (720 x 480)
 80,  56 (720 x 480)
 80,  57 (720 x 480)
 80,  58 (720 x 480)
 80,  59 (720 x 480)
 80,  60 (720 x 480)
